   4.99999966E-04   0.0000000000000000     
   5.00000007E-02   3.9604250027440728E-004
  0.100000001       1.5312652842555102E-003
  0.150000006       3.4250399380648419E-003
  0.200000003       6.0717350367624897E-003
  0.250000000       9.4639711467628916E-003
  0.300000012       1.3592739402225988E-002
  0.349999994       1.8447256224388718E-002
  0.400000006       2.4014921068734523E-002
  0.449999988       3.0281318614812331E-002
  0.500000000       3.7230240930589145E-002
  0.550000012       4.4843720760790177E-002
  0.600000024       5.3102072299530005E-002
  0.649999976       6.1983937859265620E-002
  0.699999988       7.1466339470931131E-002
  0.750000000       8.1524735212007093E-002
  0.800000012       9.2133079952993469E-002
  0.850000024      0.10326389010468419     
  0.899999976      0.11488831249609301     
  0.949999988      0.12697619700802704     
   1.00000000      0.13949617298196579     
   1.04999995      0.15241572919108282     
   1.10000002      0.16570129728715008     
   1.14999998      0.17931833845134132     
   1.20000005      0.19323143339217619     
   1.25000000      0.20740437518880661     
   1.29999995      0.22180026514714191     
   1.35000002      0.23638161128803364     
   1.39999998      0.25111042941294570     
   1.45000005      0.26594834666560929     
   1.50000000      0.28085670715077304     
   1.54999995      0.29579667979946123     
   1.60000002      0.31072936795104594     
   1.64999998      0.32561592056589428     
   1.70000005      0.34041764508981498     
   1.75000000      0.35509612144208696     
   1.79999995      0.36961331692748500     
   1.85000002      0.38393170218089345     
   1.89999998      0.39801436743845087     
   1.95000005      0.41182513910821700     
   2.00000000      0.42532869623243941     
   2.04999995      0.43849068671368113     
   2.09999990      0.45127784268562005     
   2.15000010      0.46365809482681375     
   2.20000005      0.47560068527898680     
   2.25000000      0.48707627846745960     
   2.29999995      0.49805706956998935     
   2.34999990      0.50851689018387702     
   2.40000010      0.51843131020751521     
   2.45000005      0.52777773601482736     
   2.50000000      0.53653550339294631     
   2.54999995      0.54468596536015446     
   2.59999990      0.55221257378814548     
   2.65000010      0.55910095376850255     
   2.70000005      0.56533897038946612     
   2.75000000      0.57091678664588030     
   2.79999995      0.57582691190426960     
   2.84999990      0.58006423981630373     
   2.90000010      0.58362607466177729     
   2.95000005      0.58651214555783471     
   3.00000000      0.58872460741062571     
   3.04999995      0.59026802792717636     
   3.09999990      0.59114935975165595     
   3.15000010      0.59137789745334535     
   3.20000005      0.59096521851741812     
   3.25000000      0.58992510862163339     
   3.29999995      0.58827347045218570     
   3.34999990      0.58602821634806124     
   3.40000010      0.58320914570749893     
   3.45000005      0.57983780725896628     
   3.50000000      0.57593734737263125     
   3.54999995      0.57153234571699973     
   3.59999990      0.56664863977621449     
   3.65000010      0.56131314027626589     
   3.70000005      0.55555363931054225     
   3.75000000      0.54939861375866306     
   3.79999995      0.54287702632638080     
   3.84999990      0.53601812687154726     
   3.90000010      0.52885125655682208     
   3.95000005      0.52140565749800949     
   4.00000000      0.51371029016203673     
   4.05000019      0.50579366115954716     
   4.09999990      0.49768366313324747     
   4.15000010      0.48940742876686588     
   4.19999981      0.48099120003539936     
   4.25000000      0.47246021403848987     
   4.30000019      0.46383860581636666     
   4.34999990      0.45514932864404695     
   4.40000010      0.44641409157125728     
   4.44999981      0.43765331383364703     
   4.50000000      0.42888609609437484     
   4.55000019      0.42013020421212660     
   4.59999990      0.41140207092045677     
   4.65000010      0.40271680752808314     
   4.69999981      0.39408822746751065     
   4.75000000      0.38552887958626403     
   4.80000019      0.37705008962652314     
   4.84999990      0.36866200840767804     
   4.90000010      0.36037366535054866     
   4.94999981      0.35219302599089392     
   5.00000000      0.34412705226216039     
   5.05000019      0.33618176446871867     
   5.09999990      0.32836230395121935     
   5.15000010      0.32067299560982471     
   5.19999981      0.31311740956395839     
   5.25000000      0.30569842136278053     
   5.30000019      0.29841827025401696     
   5.34999990      0.29127861513758457     
   5.40000010      0.28428058791464528     
   5.44999981      0.27742484402355344     
   5.50000000      0.27071161005473415     
   5.55000019      0.26414072836645691     
   5.59999990      0.25771169869039456     
   5.65000010      0.25142371674824920     
   5.69999981      0.24527570995801956     
   5.75000000      0.23926637031616710     
   5.80000019      0.23339418456375427     
   5.84999990      0.22765746177053137     
   5.90000010      0.22205435846838861     
   5.94999981      0.21658290148604278     
   6.00000000      0.21124100862356288     
   6.05000019      0.20602650732882197     
   6.09999990      0.20093715149513389     
   6.15000010      0.19597063655107375     
   6.19999981      0.19112461295161989     
   6.25000000      0.18639669822433932     
   6.30000019      0.18178448767177344     
   6.34999990      0.17728556386531619     
   6.40000010      0.17289750502589463     
   6.44999981      0.16861789240381925     
   6.50000000      0.16444431674290547     
   6.55000019      0.16037438392476144     
   6.59999990      0.15640571986633525     
   6.65000010      0.15253597474883313     
   6.69999981      0.14876282664828602     
   6.75000000      0.14508398462384470     
   6.80000019      0.14149719132659935     
   6.84999990      0.13800022517562610     
   6.90000010      0.13459090214984298     
   6.94999981      0.13126707724158188     
   7.00000000      0.12802664560300658     
   7.05000019      0.12486754342643490     
   7.09999990      0.12178774858827934     
   7.15000010      0.11878528108311169     
   7.19999981      0.11585820327465471     
   7.25000000      0.11300461998561943     
   7.30000019      0.11022267844801675     
   7.34999990      0.10751056813116676     
   7.40000010      0.10486652046500605     
   7.44999981      0.10228880847075783     
   7.50000000       9.9775746314326869E-002
   7.55000019       9.7325688794316481E-002
   7.59999990       9.4937030772902942E-002
   7.65000010       9.2608206559926395E-002
   7.69999981       9.0337689259368942E-002
   7.75000000       8.8123990082453613E-002
   7.80000019       8.5965657637152026E-002
   7.84999990       8.3861277197427211E-002
   7.90000010       8.1809469957192640E-002
   7.94999981       7.9808892275140597E-002
   8.00000000       7.7858234912457025E-002
   8.05000019       7.5956222266843454E-002
   8.10000038       7.4101611606990983E-002
   8.14999962       7.2293192308815327E-002
   8.19999981       7.0529785095942168E-002
   8.25000000       6.8810241286081250E-002
   8.30000019       6.7133442045925668E-002
   8.35000038       6.5498297653835996E-002
   8.39999962       6.3903746774270659E-002
   8.44999981       6.2348755742198669E-002
   8.50000000       6.0832317860219767E-002
   8.55000019       5.9353452707557770E-002
   8.60000038       5.7911205463248724E-002
   8.64999962       5.6504646241505432E-002
   8.69999981       5.5132869441962523E-002
   8.75000000       5.3794993113332398E-002
   8.80000019       5.2490158331663206E-002
   8.85000038       5.1217528592242476E-002
   8.89999962       4.9976289216457893E-002
   8.94999981       4.8765646771807197E-002
   9.00000000       4.7584828507302043E-002
   9.05000019       4.6433081801856249E-002
   9.10000038       4.5309673627018876E-002
   9.14999962       4.4213890023537143E-002
   9.19999981       4.3145035590894699E-002
   9.25000000       4.2102432990375270E-002
   9.30000019       4.1085422461121450E-002
   9.35000038       4.0093361349240693E-002
   9.39999962       3.9125623649160682E-002
   9.44999981       3.8181599557393413E-002
   9.50000000       3.7260695038183154E-002
   9.55000019       3.6362331401149306E-002
   9.60000038       3.5485944890161686E-002
   9.64999962       3.4630986283481692E-002
   9.69999981       3.3796920504996421E-002
   9.75000000       3.2983226245898584E-002
   9.80000019       3.2189395596900698E-002
   9.85000038       3.1414933690472290E-002
   9.89999962       3.0659358353010549E-002
   9.94999981       2.9922199766672292E-002
   10.0000000       2.9203000140360043E-002
   10.0500002       2.8501313389872898E-002
   10.1000004       2.7816704826979888E-002
   10.1499996       2.7148750857005161E-002
   10.1999998       2.6497038684773454E-002
   10.2500000       2.5861166028751156E-002
   10.3000002       2.5240740842961584E-002
   10.3500004       2.4635381046768219E-002
   10.3999996       2.4044714261810783E-002
   10.4499998       2.3468377556585169E-002
   10.5000000       2.2906017197756527E-002
   10.5500002       2.2357288408388604E-002
   10.6000004       2.1821855132963985E-002
   10.6499996       2.1299389808692386E-002
   10.6999998       2.0789573143156430E-002
   10.7500000       2.0292093898028017E-002
   10.8000002       1.9806648678820888E-002
   10.8500004       1.9332941730196757E-002
   10.8999996       1.8870684737024610E-002
   10.9499998       1.8419596630735072E-002
   11.0000000       1.7979403401019951E-002
   11.0500002       1.7549837912719711E-002
   11.1000004       1.7130639727553267E-002
   11.1499996       1.6721554930740363E-002
   11.1999998       1.6322335962292100E-002
   11.2500000       1.5932741452843499E-002
   11.3000002       1.5552536064022831E-002
   11.3500004       1.5181490333012113E-002
   11.3999996       1.4819380521309284E-002
   11.4499998       1.4465988467617260E-002
   11.5000000       1.4121101444610819E-002
   11.5500002       1.3784512019489995E-002
   11.6000004       1.3456017918432199E-002
   11.6499996       1.3135421894504173E-002
   11.6999998       1.2822531599177518E-002
   11.7500000       1.2517159457219566E-002
   11.8000002       1.2219122544929708E-002
   11.8500004       1.1928242471626395E-002
   11.8999996       1.1644345264227309E-002
   11.9499998       1.1367261254907734E-002
   12.0000000       1.1096824971777761E-002
   12.0500002       1.0832875032368653E-002
   12.1000004       1.0575254039939435E-002
   12.1499996       1.0323808482511635E-002
   12.1999998       1.0078388634629506E-002
   12.2500000       9.8388484616020178E-003
   12.3000002       9.6050455262680010E-003
   12.3500004       9.3768408982288221E-003
   12.3999996       9.1540990654930005E-003
   12.4499998       8.9366878483381762E-003
   12.5000000       8.7244783154375293E-003
   12.5500002       8.5173447022355523E-003
   12.6000004       8.3151643313714770E-003
   12.6499996       8.1178175352223832E-003
   12.6999998       7.9251875803855506E-003
   12.7500000       7.7371605941761517E-003
   12.8000002       7.5536254930222528E-003
   12.8500004       7.3744739126807898E-003
   12.8999996       7.1996001402682428E-003
   12.9499998       7.0289010480408080E-003
   13.0000000       6.8622760288911443E-003
   13.0500002       6.6996269334718772E-003
   13.1000004       6.5408580089661057E-003
   13.1499996       6.3858758394155111E-003
   13.1999998       6.2345892875655022E-003
   13.2500000       6.0869094382288496E-003
   13.3000002       5.9427495430693653E-003
   13.3500004       5.8020249668063765E-003
   13.3999996       5.6646531347820644E-003
   13.4499998       5.5305534818788004E-003
   13.5000000       5.3996474027403919E-003
   13.5500002       5.2718582032346088E-003
   13.6000004       5.1471110531744347E-003
   13.6499996       5.0253329402237083E-003
   13.6999998       4.9064526249748908E-003
   13.7500000       4.7904005971648768E-003
   13.8000002       4.6771090330151805E-003
   13.8500004       4.5665117536222120E-003
   13.8999996       4.4585441844100957E-003
   13.9499998       4.3531433156228641E-003
   14.0000000       4.2502476637824730E-003
   14.0500002       4.1497972341495480E-003
   14.1000004       4.0517334841057694E-003
   14.1499996       3.9559992874654464E-003
   14.1999998       3.8625388996837034E-003
   14.2500000       3.7712979239415876E-003
   14.3000002       3.6822232780753571E-003
   14.3500004       3.5952631623382292E-003
   14.3999996       3.5103670279684231E-003
   14.4499998       3.4274855465428098E-003
   14.5000000       3.3465705801007145E-003
   14.5500002       3.2675751520131482E-003
   14.6000004       3.1904534185774398E-003
   14.6499996       3.1151606413163313E-003
   14.6999998       3.0416531599828473E-003
   14.7500000       2.9698883662163974E-003
   14.8000002       2.8998246778699859E-003
   14.8500004       2.8314215139751851E-003
   14.8999996       2.7646392703173654E-003
   14.9499998       2.6994392956352919E-003
   15.0000000       2.6357838683968814E-003
   15.0500002       2.5736361741601353E-003
   15.1000004       2.5129602834883507E-003
   15.1499996       2.4537211304183327E-003
   15.1999998       2.3958844914577760E-003
   15.2500000       2.3394169651019705E-003
   15.3000002       2.2842859518631309E-003
   15.3500004       2.2304596347891346E-003
   15.3999996       2.1779069604592784E-003
   15.4499998       2.1265976204523055E-003
   15.5000000       2.0765020332767980E-003
   15.5500002       2.0275913267382333E-003
   15.6000004       1.9798373207478414E-003
   15.6499996       1.9332125105492178E-003
   15.6999998       1.8876900503596551E-003
   15.7500000       1.8432437374139229E-003
   15.8000002       1.7998479964023185E-003
   15.8500004       1.7574778642882769E-003
   15.8999996       1.7161089755005211E-003
   15.9499998       1.6757175474860565E-003
   16.0000000       1.6362803666195183E-003
   16.0499992       1.5977747744580402E-003
   16.1000004       1.5601786543342374E-003
   16.1499996       1.5234704182713534E-003
   16.2000008       1.4876289942283754E-003
   16.2500000       1.4526338136474982E-003
   16.2999992       1.4184647993149033E-003
   16.3500004       1.3851023535090435E-003
   16.3999996       1.3525273464471135E-003
   16.4500008       1.3207211050067600E-003
   16.5000000       1.2896654017296059E-003
   16.5499992       1.2593424440874934E-003
   16.6000004       1.2297348640105208E-003
   16.6499996       1.2008257076769602E-003
   16.7000008       1.1725984255450208E-003
   16.7500000       1.1450368626285286E-003
   16.7999992       1.1181252490110919E-003
   16.8500004       1.0918481905908390E-003
   16.8999996       1.0661906600488570E-003
   16.9500008       1.0411379880409751E-003
   17.0000000       1.0166758545965865E-003
   17.0499992       9.9279028073313218E-004
   17.1000004       9.6946762027162064E-004
   17.1499996       9.4669455185033365E-004
   17.2000008       9.2445807113218095E-004
   17.2500000       9.0274548320121075E-004
   17.2999992       8.8154439514567936E-004
   17.3500004       8.6084270881725869E-004
   17.3999996       8.4062861376877479E-004
   17.4500008       8.2089058035981469E-004
   17.5000000       8.0161735303333837E-004
   17.5499992       7.8279794375070248E-004
   17.6000004       7.6442162558835352E-004
   17.6499996       7.4647792648756760E-004
   17.7000008       7.2895662315795092E-004
   17.7500000       7.1184773512427899E-004
   17.7999992       6.9514151891988149E-004
   17.8500004       6.7882846241948294E-004
   17.8999996       6.6289927930969679E-004
   17.9500008       6.4734490369272753E-004
   18.0000000       6.3215648481836800E-004
   18.0499992       6.1732538194477675E-004
   18.1000004       6.0284315932315649E-004
   18.1499996       5.8870158130247140E-004
   18.2000008       5.7489260755354775E-004
   18.2500000       5.6140838840623979E-004
   18.2999992       5.4824126030027394E-004
   18.3500004       5.3538374134488463E-004
   18.3999996       5.2282852698562390E-004
   18.4500008       5.1056848577571206E-004
   18.5000000       4.9859665524831190E-004
   18.5499992       4.8690623788839193E-004
   18.6000004       4.7549059720203242E-004
   18.6499996       4.6434325387919190E-004
   18.7000008       4.5345788204944476E-004
   18.7500000       4.4282830562649984E-004
   18.7999992       4.3244849474217246E-004
   18.8500004       4.2231256226423858E-004
   18.8999996       4.1241476039913688E-004
   18.9500008       4.0274947737513035E-004
   19.0000000       3.9331123420604825E-004
   19.0499992       3.8409468153205185E-004
   19.1000004       3.7509459653583128E-004
   19.1499996       3.6630587993343632E-004
   19.2000008       3.5772355303645149E-004
   19.2500000       3.4934275488499202E-004
   19.2999992       3.4115873944937417E-004
   19.3500004       3.3316687289869151E-004
   19.3999996       3.2536263093435960E-004
   19.4500008       3.1774159618850223E-004
   19.5000000       3.1029945568330385E-004
   19.5499992       3.0303199835208681E-004
   19.6000004       2.9593511261892833E-004
   19.6499996       2.8900478403706681E-004
   19.7000008       2.8223709298277525E-004
   19.7500000       2.7562821240488354E-004
   19.7999992       2.6917440562808343E-004
   19.8500004       2.6287202420846969E-004
   19.8999996       2.5671750584029972E-004
   19.9500008       2.5070737231304977E-004
   20.0000000       2.4483822751672859E-004
   20.0499992       2.3910675549527793E-004
   20.1000004       2.3350971854622826E-004
   20.1499996       2.2804395536536772E-004
   20.2000008       2.2270637923627217E-004
   20.2500000       2.1749397626256680E-004
   20.2999992       2.1240380364255713E-004
   20.3500004       2.0743298798459397E-004
   20.3999996       2.0257872366325353E-004
   20.4500008       1.9783827121401605E-004
   20.5000000       1.9320895576665904E-004
   20.5499992       1.8868816551548368E-004
   20.6000004       1.8427335022659305E-004
   20.6499996       1.7996201978031561E-004
   20.7000008       1.7575174274816566E-004
   20.7500000       1.7164014500394286E-004
   20.7999992       1.6762490836799910E-004
   20.8500004       1.6370376928349667E-004
   20.8999996       1.5987451752414995E-004
   20.9500008       1.5613499493290461E-004
   21.0000000       1.5248309419030819E-004
   21.0499992       1.4891675761255897E-004
   21.1000004       1.4543397597782169E-004
   21.1499996       1.4203278738051230E-004
   21.2000008       1.3871127611281146E-004
   21.2500000       1.3546757157274504E-004
   21.2999992       1.3229984719820631E-004
   21.3500004       1.2920631942637005E-004
   21.3999996       1.2618524667763951E-004
   21.4500008       1.2323492836388973E-004
   21.5000000       1.2035370392024504E-004
   21.5499992       1.1753995185966295E-004
   21.6000004       1.1479208885010797E-004
   21.6499996       1.1210856881355346E-004
   21.7000008       1.0948788204643199E-004
   21.7500000       1.0692855436093341E-004
   21.7999992       1.0442914624652364E-004
   21.8500004       1.0198825205155568E-004
   21.8999996       9.9604499184142864E-005
   21.9500008       9.7276547331981761E-005
   22.0000000       9.5003087700851936E-005
   22.0499992       9.2782842270845782E-005
   22.1000004       9.0614563070519176E-005
   22.1499996       8.8497031468007633E-005
   22.2000008       8.6429057479106729E-005
   22.2500000       8.4409479091681404E-005
   22.2999992       8.2437161606013562E-005
   22.3500004       8.0510996990877171E-005
   22.3999996       7.8629903254748539E-005
   22.4500008       7.6792823831956639E-005
   22.5000000       7.4998726983418969E-005
   22.5499992       7.3246605211502749E-005
   22.6000004       7.1535474688719388E-005
   22.6499996       6.9864374699896525E-005
   22.7000008       6.8232367097681307E-005
   22.7500000       6.6638535770750107E-005
   22.7999992       6.5081986124807472E-005
   22.8500004       6.3561844575646422E-005
   22.8999996       6.2077258054354058E-005
   22.9500008       6.0627393524091969E-005
   23.0000000       5.9211437508342813E-005
   23.0499992       5.7828595630392816E-005
   23.1000004       5.6478092163612974E-005
   23.1499996       5.5159169592362673E-005
   23.2000008       5.3871088183302003E-005
   23.2500000       5.2613125566764207E-005
   23.2999992       5.1384576328127401E-005
   23.3500004       5.0184751608798460E-005
   23.3999996       4.9012978716549514E-005
   23.4500008       4.7868600745155400E-005
   23.5000000       4.6750976202946825E-005
   23.5499992       4.5659478650133314E-005
   23.6000004       4.4593496344750590E-005
   23.6499996       4.3552431896900770E-005
   23.7000008       4.2535701931156678E-005
   23.7500000       4.1542736757014510E-005
   23.7999992       4.0572980046985254E-005
   23.8500004       3.9625888522414716E-005
   23.8999996       3.8700931646639066E-005
   23.9500008       3.7797591325399458E-005
   24.0000000       3.6915361614322248E-005
   24.0499992       3.6053748433272113E-005
   24.1000004       3.5212269287472198E-005
   24.1499996       3.4390452995242358E-005
   24.2000008       3.3587839422040241E-005
   24.2500000       3.2803979220885968E-005
   24.2999992       3.2038433578862511E-005
   24.3500004       3.1290773969563671E-005
   24.3999996       3.0560581911403556E-005
   24.4500008       2.9847448731658579E-005
   24.5000000       2.9150975335971110E-005
   24.5499992       2.8470771983398217E-005
   24.6000004       2.7806458066667582E-005
   24.6499996       2.7157661897664690E-005
   24.7000008       2.6524020497973628E-005
   24.7500000       2.5905179394311509E-005
   24.7999992       2.5300792418801226E-005
   24.8500004       2.4710521513980149E-005
   24.8999996       2.4134036542332179E-005
   24.9500008       2.3571015100353973E-005
   25.0000000       2.3021142337001129E-005
   25.0499992       2.2484110776389476E-005
   25.1000004       2.1959620144667983E-005
   25.1499996       2.1447377200968275E-005
   25.2000008       2.0947095572348857E-005
   25.2500000       2.0458495592619541E-005
   25.2999992       1.9981304144918608E-005
   25.3500004       1.9515254508061092E-005
   25.3999996       1.9060086206449138E-005
   25.4500008       1.8615544863525643E-005
   25.5000000       1.8181382058700663E-005
   25.5499992       1.7757355187605767E-005
   25.6000004       1.7343227325658778E-005
   25.6499996       1.6938767094837926E-005
   25.7000008       1.6543748533575341E-005
   25.7500000       1.6157950969710657E-005
   25.7999992       1.5781158896447873E-005
   25.8500004       1.5413161851207891E-005
   25.8999996       1.5053754297349334E-005
   25.9500008       1.4702735508658723E-005
   26.0000000       1.4359909456545972E-005
   26.0499992       1.4025084699915173E-005
   26.1000004       1.3698074277600772E-005
   26.1499996       1.3378695603348457E-005
   26.2000008       1.3066770363251084E-005
   26.2500000       1.2762124415602035E-005
   26.2999992       1.2464587693093996E-005
   26.3500004       1.2173994107327818E-005
   26.3999996       1.1890181455556235E-005
   26.4500008       1.1612991329617550E-005
   26.5000000       1.1342269027011884E-005
   26.5499992       1.1077863464058784E-005
   26.6000004       1.0819627091105462E-005
   26.6499996       1.0567415809718814E-005
   26.7000008       1.0321088891821482E-005
   26.7500000       1.0080508900730541E-005
   26.7999992       9.8455416140495501E-006
   26.8500004       9.6160559483646570E-006
   26.8999996       9.3919238857211672E-006
   26.9500008       9.1730204018133006E-006
   27.0000000       8.9592233958649697E-006
   27.0499992       8.7504136221541521E-006
   27.1000004       8.5464746231500631E-006
   27.1499996       8.3472926642133051E-006
   27.2000008       8.1527566698287222E-006
   27.2500000       7.9627581613423813E-006
   27.2999992       7.7771911961463161E-006
   27.3500004       7.5959523083026432E-006
   27.3999996       7.4189404505510341E-006
   27.4500008       7.2460569376839443E-006
   27.5000000       7.0772053912479591E-006
   27.5499992       6.9122916855413549E-006
   27.6000004       6.7512238948743204E-006
   27.6499996       6.5939122420770934E-006
   27.7000008       6.4402690482025073E-006
   27.7500000       6.2902086834166765E-006
   27.7999992       6.1436475190416309E-006
   27.8500004       6.0005038807175920E-006
   27.8999996       5.8606980026637831E-006
   27.9500008       5.7241519830179547E-006
   28.0000000       5.5907897402185323E-006
   28.0499992       5.4605369704054269E-006
   28.1000004       5.3333211058269481E-006
   28.1499996       5.2090712742165724E-006
   28.2000008       5.0877182591249186E-006
   28.2500000       4.9691944611782817E-006
   28.2999992       4.8534338602484081E-006
   28.3500004       4.7403719785072772E-006
   28.3999996       4.6299458443476335E-006
   28.4500008       4.5220939571503732E-006
   28.5000000       4.4167562528744750E-006
   28.5499992       4.3138740704561201E-006
   28.6000004       4.2133901189936680E-006
   28.6499996       4.1152484457012640E-006
   28.7000008       4.0193944046135200E-006
   28.7500000       3.9257746260257471E-006
   28.7999992       3.8343369866448216E-006
   28.8500004       3.7450305804441795E-006
   28.8999996       3.6578056901980550E-006
   28.9500008       3.5726137596858294E-006
   29.0000000       3.4894073665438191E-006
   29.0499992       3.4081401957550501E-006
   29.1000004       3.3287670137588851E-006
   29.1499996       3.2512436431678145E-006
   29.2000008       3.1755269380742433E-006
   29.2500000       3.1015747599386638E-006
   29.2999992       3.0293459540403781E-006
   29.3500004       2.9588003264802500E-006
   29.3999996       2.8898986217199065E-006
   29.4500008       2.8226025006488070E-006
   29.5000000       2.7568745191648189E-006
   29.5499992       2.6926781072551822E-006
   29.6000004       2.6299775485680699E-006
   29.6499996       2.5687379604621481E-006
   29.7000008       2.5089252745212897E-006
   29.7500000       2.4505062175272103E-006
   29.7999992       2.3934482928782009E-006
   29.8500004       2.3377197624401590E-006
   29.8999996       2.2832896288238957E-006
   29.9500008       2.2301276180773020E-006
   30.0000000       2.1782041627823008E-006
   30.0499992       2.1274903855458595E-006
   30.1000004       2.0779580828794337E-006
   30.1499996       2.0295797094542379E-006
   30.2000008       1.9823283627254975E-006
   30.2500000       1.9361777679163784E-006
   30.2999992       1.8911022633525011E-006
   30.3500004       1.8470767861401176E-006
   30.3999996       1.8040768581787753E-006
   30.4500008       1.7620785725023416E-006
   30.5000000       1.7210585799383004E-006
   30.5499992       1.6809940760796090E-006
   30.6000004       1.6418627885612337E-006
   30.6499996       1.6036429646336727E-006
   30.7000008       1.5663133590276461E-006
   30.7500000       1.5298532221025555E-006
   30.7999992       1.4942422882716076E-006
   30.8500004       1.4594607646985616E-006
   30.8999996       1.4254893202578544E-006
   30.9500008       1.3923090747536695E-006
   31.0000000       1.3599015883897109E-006
   31.0499992       1.3282488514865600E-006
   31.1000004       1.2973332744389844E-006
   31.1499996       1.2671376779075220E-006
   31.2000008       1.2376452832398504E-006
   31.2500000       1.2088397031164426E-006
   31.2999992       1.1807049324136922E-006
   31.3500004       1.1532253392821362E-006
   31.3999996       1.1263856564317064E-006
   31.4500008       1.1001709726217809E-006
   31.5000000       1.0745667243497635E-006
   31.5499992       1.0495586877335380E-006
   31.6000004       1.0251329705843260E-006
   31.6499996       1.0012760046641471E-006
   31.7000008       9.7797453812483673E-007
   31.7500000       9.5521562812309117E-007
   31.7999992       9.3298663360841911E-007
   31.8500004       9.1127520827992927E-007
   31.8999996       8.9006929370703762E-007
   31.9500008       8.6935711261119129E-007
   32.0000000       8.4912716230462810E-007
   32.0499992       8.2936820828267462E-007
   32.0999985       8.1006927796518899E-007
   32.1500015       7.9121965458469126E-007
   32.2000008       7.7280887121653045E-007
   32.2500000       7.5482670494956909E-007
   32.2999992       7.3726317119251348E-007
   32.3499985       7.2010851811292789E-007
   32.4000015       7.0335322120643235E-007
   32.4500008       6.8698797799301448E-007
   32.5000000       6.7100370283696289E-007
   32.5499992       6.5539152188773273E-007
   32.5999985       6.4014276813876819E-007
   32.6500015       6.2524897660217283E-007
   32.7000008       6.1070187959589135E-007
   32.7500000       5.9649340214108130E-007
   32.7999992       5.8261565746638998E-007
   32.8499985       5.6906094261801013E-007
   32.9000015       5.5582173417185420E-007
   32.9500008       5.4289068404563433E-007
   33.0000000       5.3026061540911331E-007
   33.0499992       5.1792451868965237E-007
   33.0999985       5.0587554767086568E-007
   33.1500015       4.9410701568288844E-007
   33.2000008       4.8261239188123010E-007
   33.2500000       4.7138529761231813E-007
   33.2999992       4.6041950286422119E-007
   33.3499985       4.4970892280006526E-007
   33.4000015       4.3924761437225207E-007
   33.4500008       4.2902977301627499E-007
   33.5000000       4.1904972942086670E-007
   33.5499992       4.0930194637434516E-007
   33.5999985       3.9978101568392397E-007
   33.6500015       3.9048165516743121E-007
   33.7000008       3.8139870571485507E-007
   33.7500000       3.7252712841861175E-007
   33.7999992       3.6386200177104343E-007
   33.8499985       3.5539851892693451E-007
   33.9000015       3.4713198503001637E-007
   33.9500008       3.3905781460190466E-007
   34.0000000       3.3117152899217776E-007
   34.0499992       3.2346875388751567E-007
   34.0999985       3.1594521687939737E-007
   34.1500015       3.0859674508834998E-007
   34.2000008       3.0141926284361007E-007
   34.2500000       2.9440878941692809E-007
   34.2999992       2.8756143680927331E-007
   34.3499985       2.8087340758935491E-007
   34.4000015       2.7434099278220004E-007
   34.4500008       2.6796056980736001E-007
   34.5000000       2.6172860046504603E-007
   34.5499992       2.5564162896922873E-007
   34.5999985       2.4969628002663524E-007
   34.6500015       2.4388925696064685E-007
   34.7000008       2.3821733987888481E-007
   34.7500000       2.3267738388360476E-007
   34.7999992       2.2726631732368446E-007
   34.8499985       2.2198114008754706E-007
   34.9000015       2.1681892193590881E-007
   34.9500008       2.1177680087332826E-007
   35.0000000       2.0685198155773320E-007
   35.0499992       2.0204173374705234E-007
   35.0999985       1.9734339078215555E-007
   35.1500015       1.9275434810516594E-007
   35.2000008       1.8827206181219278E-007
   35.2500000       1.8389404723995269E-007
   35.2999992       1.7961787758535577E-007
   35.3499985       1.7544118255720751E-007
   35.4000015       1.7136164705930712E-007
   35.4500008       1.6737700990448252E-007
   35.5000000       1.6348506255833654E-007
   35.5499992       1.5968364791249375E-007
   35.5999985       1.5597065908630828E-007
   35.6500015       1.5234403825666537E-007
   35.7000008       1.4880177551495902E-007
   35.7500000       1.4534190775067664E-007
   35.7999992       1.4196251756120703E-007
   35.8499985       1.3866173218682644E-007
   35.9000015       1.3543772247065965E-007
   35.9500008       1.3228870184293911E-007
   36.0000000       1.2921292532879987E-007
   36.0499992       1.2620868857925367E-007
   36.0999985       1.2327432692484255E-007
   36.1500015       1.2040821445122812E-007
   36.2000008       1.1760876309641178E-007
   36.2500000       1.1487442176900588E-007
   36.2999992       1.1220367548703087E-007
   36.3499985       1.0959504453674948E-007
   36.4000015       1.0704708365116685E-007
   36.4500008       1.0455838120766473E-007
   36.5000000       1.0212755844433550E-007
   36.5499992       9.9753268694580833E-008
   36.5999985       9.7434196639536987E-008
   36.6500015       9.5169057577971745E-008
   36.7000008       9.2956596713134714E-008
   36.7500000       9.0795588456274734E-008
   36.7999992       8.8684835746377216E-008
   36.8499985       8.6623169385751667E-008
   36.9000015       8.4609447391092734E-008
   36.9500008       8.2642554359705661E-008
   37.0000000       8.0721400850446510E-008
   37.0499992       7.8844922779130614E-008
   37.0999985       7.7012080828029592E-008
   37.1500015       7.5221859869090097E-008
   37.2000008       7.3473268400641771E-008
   37.2500000       7.1765337997185776E-008
   37.2999992       7.0097122772051461E-008
   37.3499985       6.8467698852549214E-008
   37.4000015       6.6876163867328854E-008
   37.4500008       6.5321636445730691E-008
   37.5000000       6.3803255728780429E-008
   37.5499992       6.2320180891574118E-008
   37.5999985       6.0871590676781958E-008
   37.6500015       5.9456682939042628E-008
   37.7000008       5.8074674199964108E-008
   37.7500000       5.6724799213498630E-008
   37.7999992       5.5406310541416299E-008
   37.8499985       5.4118478138706762E-008
   37.9000015       5.2860588948621599E-008
   37.9500008       5.1631946507141394E-008
   38.0000000       5.0431870556682801E-008
   38.0499992       4.9259696668770689E-008
   38.0999985       4.8114775875525940E-008
   38.1500015       4.6996474309739023E-008
   38.2000008       4.5904172853317681E-008
   38.2500000       4.4837266793915807E-008
   38.2999992       4.3795165489576844E-008
   38.3499985       4.2777292041181637E-008
   38.4000015       4.1783082972526051E-008
   38.4500008       4.0811987917856874E-008
   38.5000000       3.9863469316672815E-008
   38.5499992       3.8937002115653647E-008
   38.5999985       3.8032073477511879E-008
   38.6500015       3.7148182496631055E-008
   38.7000008       3.6284839921328710E-008
   38.7500000       3.5441567882594770E-008
   38.7999992       3.4617899629146649E-008
   38.8499985       3.3813379268642003E-008
   38.9000015       3.3027561514924575E-008
   38.9500008       3.2260011441162988E-008
   39.0000000       3.1510304238733179E-008
   39.0499992       3.0778024981720332E-008
   39.0999985       3.0062768396894309E-008
   39.1500015       2.9364138639047731E-008
   39.2000008       2.8681749071576644E-008
   39.2500000       2.8015222052159674E-008
   39.2999992       2.7364188723422683E-008
   39.3499985       2.6728288808487746E-008
   39.4000015       2.6107170411279234E-008
   39.4500008       2.5500489821483737E-008
   39.5000000       2.4907911324046958E-008
   39.5499992       2.4329107013106406E-008
   39.5999985       2.3763756610260393E-008
   39.6500015       2.3211547287060932E-008
   39.7000008       2.2672173491650565E-008
   39.7500000       2.2145336779421525E-008
   39.7999992       2.1630745647635692E-008
   39.8499985       2.1128115373880537E-008
   39.9000015       2.0637167858289153E-008
   39.9500008       2.0157631469438172E-008
   40.0000000       1.9689240893832430E-008
   40.0499992       1.9231736988884332E-008
   40.0999985       1.8784866639332137E-008
   40.1500015       1.8348382616988327E-008
   40.2000008       1.7922043443755598E-008
   40.2500000       1.7505613257835794E-008
   40.2999992       1.7098861683052850E-008
   40.3499985       1.6701563701212201E-008
   40.4000015       1.6313499527439348E-008
   40.4500008       1.5934454488410180E-008
   40.5000000       1.5564218903428999E-008
   40.5499992       1.5202587968264281E-008
   40.5999985       1.4849361641690724E-008
   40.6500015       1.4504344534675445E-008
   40.7000008       1.4167345802143506E-008
   40.7500000       1.3838179037259921E-008
   40.7999992       1.3516662168172257E-008
   40.8499985       1.3202617357157156E-008
   40.9000015       1.2895870902118711E-008
   40.9500008       1.2596253140372600E-008
   41.0000000       1.2303598354672006E-008
   41.0499992       1.2017744681425299E-008
   41.0999985       1.1738534021045538E-008
   41.1500015       1.1465811950386348E-008
   41.2000008       1.1199427637217773E-008
   41.2500000       1.0939233756690608E-008
   41.2999992       1.0685086409744914E-008
   41.3499985       1.0436845043419345E-008
   41.4000015       1.0194372373013370E-008
   41.4500008       9.9575343060628114E-009
   41.5000000       9.7261998680843525E-009
   41.5499992       9.5002411300448954E-009
   41.5999985       9.2795331375234928E-009
   41.6500015       9.0639538415172185E-009
   41.7000008       8.8533840308603070E-009
   41.7500000       8.6477072662160794E-009
   41.7999992       8.4468098156033478E-009
   41.8499985       8.2505805914243084E-009
   41.9000015       8.0589110889552175E-009
   41.9500008       7.8716953262726440E-009
   42.0000000       7.6888297855759493E-009
   42.0499992       7.5102133558712884E-009
   42.0999985       7.3357472769956274E-009
   42.1500015       7.1653350849384432E-009
   42.2000008       6.9988825584379554E-009
   42.2500000       6.8362976668200698E-009
   42.2999992       6.6774905190496287E-009
   42.3499985       6.5223733139671369E-009
   42.4000015       6.3708602916846376E-009
   42.4500008       6.2228676861123883E-009
   42.5000000       6.0783136785888672E-009
   42.5499992       5.9371183525897811E-009
   42.5999985       5.7992036494927761E-009
   42.6500015       5.6644933253683427E-009
   42.7000008       5.5329129087779300E-009
   42.7500000       5.4043896595539800E-009
   42.7999992       5.2788525285379708E-009
   42.8499985       5.1562321182560899E-009
   42.9000015       5.0364606445096251E-009
   42.9500008       4.9194718988571838E-009
   43.0000000       4.8052012119715835E-009
   43.0499992       4.6935854178500017E-009
   43.0999985       4.5845628188542104E-009
   43.1500015       4.4780731515655814E-009
   43.2000008       4.3740575534338535E-009
   43.2500000       4.2724585302031103E-009
   43.2999992       4.1732199240933924E-009
   43.3499985       4.0762868827245331E-009
   43.4000015       3.9816058287615056E-009
   43.4500008       3.8891244302657330E-009
   43.5000000       3.7987915717363357E-009
   43.5499992       3.7105573258268030E-009
   43.5999985       3.6243729257165085E-009
   43.6500015       3.5401907381277304E-009
   43.7000008       3.4579642369675288E-009
   43.7500000       3.3776479775855064E-009
   43.7999992       3.2991975716280652E-009
   43.8499985       3.2225696624781670E-009
   43.9000015       3.1477219012680201E-009
   43.9500008       3.0746129234474652E-009
   44.0000000       3.0032023258978637E-009
   44.0499992       2.9334506445794084E-009
   44.0999985       2.8653193326973217E-009
   44.1500015       2.7987707393762163E-009
   44.2000008       2.7337680888296413E-009
   44.2500000       2.6702754600159175E-009
   44.2999992       2.6082577667653260E-009
   44.3499985       2.5476807383703289E-009
   44.4000015       2.4885109006272420E-009
   44.4500008       2.4307155573183885E-009
   44.5000000       2.3742627721252902E-009
   44.5499992       2.3191213509621427E-009
   44.5999985       2.2652608247205854E-009
   44.6500015       2.2126514324160632E-009
   44.7000008       2.1612641047246593E-009
   44.7500000       2.1110704479045811E-009
   44.7999992       2.0620427280901814E-009
   44.8499985       2.0141538559519220E-009
   44.9000015       1.9673773717133706E-009
   44.9500008       1.9216874305153184E-009
   45.0000000       1.8770587881218760E-009
   45.0499992       1.8334667869580231E-009
   45.0999985       1.7908873424718135E-009
   45.1500015       1.7492969298143092E-009
   45.2000008       1.7086725708283578E-009
   45.2500000       1.6689918213405166E-009
   45.2999992       1.6302327587485613E-009
   45.3499985       1.5923739698978062E-009
   45.4000015       1.5553945392382441E-009
   45.4500008       1.5192740372581792E-009
   45.5000000       1.4839925091867787E-009
   45.5499992       1.4495304639582776E-009
   45.5999985       1.4158688634337958E-009
   45.6500015       1.3829891118735554E-009
   45.7000008       1.3508730456536455E-009
   45.7500000       1.3195029232222730E-009
   45.7999992       1.2888614152887303E-009
   45.8499985       1.2589315952417314E-009
   45.9000015       1.2296969297892705E-009
   45.9500008       1.2011412698167240E-009
   46.0000000       1.1732488414577549E-009
   46.0499992       1.1460042373723969E-009
   46.0999985       1.1193924082280836E-009
   46.1500015       1.0933986543785684E-009
   46.2000008       1.0680086177365007E-009
   46.2500000       1.0432082738349536E-009
   46.2999992       1.0189839240733560E-009
   46.3499985       9.9532218814401026E-010
   46.4000015       9.7220999663418068E-010
   46.4500008       9.4963458380052422E-010
   46.5000000       9.2758348051166178E-010
   46.5499992       9.0604450735436635E-010
   46.5999985       8.8500576790058759E-010
   46.6500015       8.6445564213027178E-010
   46.7000008       8.4438278000767170E-010
   46.7500000       8.2477609520686639E-010
   46.7999992       8.0562475898300011E-010
   46.8499985       7.8691819418624663E-010
   46.9000015       7.6864606941454555E-010
   46.9500008       7.5079829330263302E-010
   47.0000000       7.3336500894349475E-010
   47.0499992       7.1633658843997028E-010
   47.0999985       6.9970362758254885E-010
   47.1500015       6.8345694065119427E-010
   47.2000008       6.6758755533770727E-010
   47.2500000       6.5208670778653064E-010
   47.2999992       6.3694583775031362E-010
   47.3499985       6.2215658385860939E-010
   47.4000015       6.0771077899625554E-010
   47.4500008       5.9360044578925316E-010
   47.5000000       5.7981779219547522E-010
   47.5499992       5.6635520719789224E-010
   47.5999985       5.5320525659818972E-010
   47.6500015       5.4036067890778939E-010
   47.7000008       5.2781438133462204E-010
   47.7500000       5.1555943586293797E-010
   47.7999992       5.0358907542449951E-010
   47.8499985       4.9189669015868578E-010
   47.9000015       4.8047582375942749E-010
   47.9500008       4.6932016990712894E-010
   48.0000000       4.5842356878345801E-010
   48.0499992       4.4778000366729406E-010
   48.0999985       4.3738359760963492E-010
   48.1500015       4.2722861018579872E-010
   48.2000008       4.1730943432332634E-010
   48.2500000       4.0762059320332121E-010
   48.2999992       3.9815673723393228E-010
   48.3499985       3.8891264109413938E-010
   48.4000015       3.7988320084642644E-010
   48.4500008       3.7106343111624760E-010
   48.5000000       3.6244846233735122E-010
   48.5499992       3.5403353806094670E-010
   48.5999985       3.4581401232740334E-010
   48.6500015       3.3778534709915374E-010
   48.7000008       3.2994310975313875E-010
   48.7500000       3.2228297063153760E-010
   48.7999992       3.1480070064958029E-010
   48.8499985       3.0749216895873366E-010
   48.9000015       3.0035334066425074E-010
   48.9500008       2.9338027459592812E-010
   49.0000000       2.8656912113051078E-010
   49.0499992       2.7991612006469445E-010
   49.0999985       2.7341759853761388E-010
   49.1500015       2.6706996900161534E-010
   49.2000008       2.6086972724017960E-010
   49.2500000       2.5481345043186633E-010
   49.2999992       2.4889779525933352E-010
   49.3499985       2.4311949606221660E-010
   49.4000015       2.3747536303296634E-010
   49.4500008       2.3196228045457981E-010
   49.5000000       2.2657720497935532E-010
   49.5499992       2.2131716394753949E-010
   49.5999985       2.1617925374519153E-010
   49.6500015       2.1116063820009563E-010
   49.7000008       2.0625854701494027E-010
   49.7500000       2.0147027423694852E-010
   49.7999992       1.9679317676307313E-010
   49.8499985       1.9222467287992485E-010
   49.9000015       1.8776224083762434E-010
   49.9500008       1.8340341745676397E-010