0 0
1 3.38645e-06
2 1.35381e-05
3 3.04319e-05
4 5.40294e-05
5 8.42774e-05
6 0.000121107
7 0.000164436
8 0.000214167
9 0.000270187
10 0.000332373
11 0.000400587
12 0.000474677
13 0.000554482
14 0.000639827
15 0.000730528
16 0.000826389
17 0.000927207
18 0.00103277
19 0.00114285
20 0.00125723
21 0.00137567
22 0.00149793
23 0.00162376
24 0.00175291
25 0.00188514
26 0.00202018
27 0.00215778
28 0.00229768
29 0.00243962
30 0.00258335
31 0.00272859
32 0.00287511
33 0.00302264
34 0.00317093
35 0.00331974
36 0.00346883
37 0.00361794
38 0.00376686
39 0.00391535
40 0.00406318
41 0.00421015
42 0.00435604
43 0.00450064
44 0.00464377
45 0.00478524
46 0.00492485
47 0.00506245
48 0.00519786
49 0.00533092
50 0.00546149
51 0.00558943
52 0.00571461
53 0.00583689
54 0.00595616
55 0.00607232
56 0.00618526
57 0.0062949
58 0.00640114
59 0.00650391
60 0.00660315
61 0.00669879
62 0.00679077
63 0.00687906
64 0.00696361
65 0.00704438
66 0.00712136
67 0.00719453
68 0.00726386
69 0.00732935
70 0.007391
71 0.00744882
72 0.00750281
73 0.00755299
74 0.00759937
75 0.00764199
76 0.00768086
77 0.00771602
78 0.00774751
79 0.00777537
80 0.00779964
81 0.00782037
82 0.0078376
83 0.00785139
84 0.0078618
85 0.00786889
86 0.00787271
87 0.00787332
88 0.0078708
89 0.0078652
90 0.0078566
91 0.00784506
92 0.00783065
93 0.00781345
94 0.00779353
95 0.00777095
96 0.0077458
97 0.00771815
98 0.00768806
99 0.00765563
100 0.00762091
101 0.00758399
102 0.00754495
103 0.00750384
104 0.00746076
105 0.00741577
106 0.00736895
107 0.00732037
108 0.0072701
109 0.00721822
110 0.00716479
111 0.00710989
112 0.00705358
113 0.00699594
114 0.00693702
115 0.00687691
116 0.00681566
117 0.00675334
118 0.00669001
119 0.00662573
120 0.00656057
121 0.00649459
122 0.00642783
123 0.00636037
124 0.00629226
125 0.00622355
126 0.0061543
127 0.00608455
128 0.00601437
129 0.0059438
130 0.00587288
131 0.00580167
132 0.00573022
133 0.00565856
134 0.00558674
135 0.0055148
136 0.00544279
137 0.00537074
138 0.0052987
139 0.00522669
140 0.00515476
141 0.00508294
142 0.00501126
143 0.00493976
144 0.00486846
145 0.0047974
146 0.00472661
147 0.00465611
148 0.00458593
149 0.0045161
150 0.00444663
151 0.00437756
152 0.00430891
153 0.00424069
154 0.00417294
155 0.00410565
156 0.00403887
157 0.00397259
158 0.00390685
159 0.00384165
160 0.00377701
161 0.00371295
162 0.00364947
163 0.00358659
164 0.00352432
165 0.00346268
166 0.00340166
167 0.00334129
168 0.00328156
169 0.0032225
170 0.00316409
171 0.00310636
172 0.0030493
173 0.00299293
174 0.00293724
175 0.00288224
176 0.00282794
177 0.00277433
178 0.00272142
179 0.00266921
180 0.00261771
181 0.00256691
182 0.00251681
183 0.00246742
184 0.00241873
185 0.00237075
186 0.00232347
187 0.00227688
188 0.002231
189 0.00218581
190 0.00214132
191 0.00209752
192 0.00205441
193 0.00201198
194 0.00197023
195 0.00192916
196 0.00188876
197 0.00184902
198 0.00180996
199 0.00177155
200 0.00173379
201 0.00169668
202 0.00166022
203 0.00162439
204 0.00158919
205 0.00155462
206 0.00152067
207 0.00148733
208 0.00145459
209 0.00142246
210 0.00139092
211 0.00135997
212 0.00132959
213 0.00129979
214 0.00127056
215 0.00124189
216 0.00121377
217 0.00118619
218 0.00115916
219 0.00113265
220 0.00110667
221 0.00108121
222 0.00105626
223 0.0010318
224 0.00100785
225 0.000984382
226 0.000961395
227 0.000938882
228 0.000916836
229 0.000895249
230 0.000874114
231 0.000853425
232 0.000833173
233 0.000813352
234 0.000793955
235 0.000774974
236 0.000756404
237 0.000738236
238 0.000720464
239 0.000703082
240 0.000686082
241 0.000669457
242 0.000653201
243 0.000637308
244 0.00062177
245 0.000606582
246 0.000591737
247 0.000577228
248 0.000563049
249 0.000549194
250 0.000535657
251 0.000522432
252 0.000509512
253 0.000496892
254 0.000484566
255 0.000472527
256 0.000460771
257 0.000449292
258 0.000438084
259 0.000427141
260 0.000416458
261 0.00040603
262 0.000395852
263 0.000385918
264 0.000376223
265 0.000366762
266 0.00035753
267 0.000348523
268 0.000339734
269 0.000331161
270 0.000322798
271 0.00031464
272 0.000306683
273 0.000298922
274 0.000291354
275 0.000283973
276 0.000276776
277 0.000269759
278 0.000262917
279 0.000256247
280 0.000249744
281 0.000243405
282 0.000237226
283 0.000231203
284 0.000225333
285 0.000219612
286 0.000214036
287 0.000208603
288 0.000203308
289 0.000198149
290 0.000193122
291 0.000188224
292 0.000183452
293 0.000178803
294 0.000174274
295 0.000169863
296 0.000165565
297 0.000161379
298 0.000157302
299 0.00015333
300 0.000149462
301 0.000145695
302 0.000142026
303 0.000138454
304 0.000134974
305 0.000131586
306 0.000128287
307 0.000125074
308 0.000121946
309 0.0001189
310 0.000115934
311 0.000113046
312 0.000110235
313 0.000107498
314 0.000104833
315 0.000102238
316 9.97121e-05
317 9.7253e-05
318 9.48589e-05
319 9.25282e-05
320 9.02593e-05
321 8.80505e-05
322 8.59003e-05
323 8.38071e-05
324 8.17694e-05
325 7.97857e-05
326 7.78547e-05
327 7.59749e-05
328 7.4145e-05
329 7.23637e-05
330 7.06296e-05
331 6.89415e-05
332 6.72982e-05
333 6.56984e-05
334 6.41411e-05
335 6.26251e-05
336 6.11492e-05
337 5.97124e-05
338 5.83136e-05
339 5.69519e-05
340 5.56261e-05
341 5.43354e-05
342 5.30788e-05
343 5.18553e-05
344 5.06641e-05
345 4.95043e-05
346 4.8375e-05
347 4.72754e-05
348 4.62047e-05
349 4.51621e-05
350 4.41469e-05
351 4.31582e-05
352 4.21955e-05
353 4.12578e-05
354 4.03446e-05
355 3.94553e-05
356 3.85891e-05
357 3.77453e-05
358 3.69235e-05
359 3.6123e-05
360 3.53432e-05
361 3.45835e-05
362 3.38434e-05
363 3.31224e-05
364 3.24198e-05
365 3.17353e-05
366 3.10683e-05
367 3.04184e-05
368 2.9785e-05
369 2.91677e-05
370 2.85661e-05
371 2.79798e-05
372 2.74082e-05
373 2.68511e-05
374 2.6308e-05
375 2.57785e-05
376 2.52623e-05
377 2.47589e-05
378 2.42681e-05
379 2.37895e-05
380 2.33228e-05
381 2.28676e-05
382 2.24236e-05
383 2.19905e-05
384 2.1568e-05
385 2.11558e-05
386 2.07537e-05
387 2.03614e-05
388 1.99785e-05
389 1.96049e-05
390 1.92403e-05
391 1.88844e-05
392 1.8537e-05
393 1.81979e-05
394 1.78668e-05
395 1.75436e-05
396 1.72279e-05
397 1.69197e-05
398 1.66187e-05
399 1.63247e-05
400 1.60375e-05
401 1.5757e-05
402 1.54829e-05
403 1.52152e-05
404 1.49535e-05
405 1.46978e-05
406 1.44479e-05
407 1.42036e-05
408 1.39648e-05
409 1.37314e-05
410 1.35031e-05
411 1.328e-05
412 1.30617e-05
413 1.28483e-05
414 1.26395e-05
415 1.24352e-05
416 1.22354e-05
417 1.20399e-05
418 1.18486e-05
419 1.16614e-05
420 1.14782e-05
421 1.12989e-05
422 1.11233e-05
423 1.09514e-05
424 1.07831e-05
425 1.06183e-05
426 1.04569e-05
427 1.02988e-05
428 1.01439e-05
429 9.99215e-06
430 9.84349e-06
431 9.69781e-06
432 9.55504e-06
433 9.41511e-06
434 9.27795e-06
435 9.14348e-06
436 9.01164e-06
437 8.88237e-06
438 8.75559e-06
439 8.63124e-06
440 8.50927e-06
441 8.38962e-06
442 8.27223e-06
443 8.15704e-06
444 8.044e-06
445 7.93306e-06
446 7.82416e-06
447 7.71726e-06
448 7.61231e-06
449 7.50926e-06
450 7.40806e-06
451 7.30868e-06
452 7.21106e-06
453 7.11517e-06
454 7.02097e-06
455 6.92841e-06
456 6.83745e-06
457 6.74807e-06
458 6.66022e-06
459 6.57387e-06
460 6.48898e-06
461 6.40552e-06
462 6.32346e-06
463 6.24276e-06
464 6.16339e-06
465 6.08533e-06
466 6.00855e-06
467 5.93301e-06
468 5.85869e-06
469 5.78556e-06
470 5.7136e-06
471 5.64278e-06
472 5.57307e-06
473 5.50445e-06
474 5.4369e-06
475 5.3704e-06
476 5.30492e-06
477 5.24044e-06
478 5.17694e-06
479 5.11439e-06
480 5.05279e-06
481 4.99211e-06
482 4.93233e-06
483 4.87342e-06
484 4.81539e-06
485 4.7582e-06
486 4.70184e-06
487 4.6463e-06
488 4.59155e-06
489 4.53758e-06
490 4.48438e-06
491 4.43193e-06
492 4.38022e-06
493 4.32923e-06
494 4.27895e-06
495 4.22937e-06
496 4.18046e-06
497 4.13223e-06
498 4.08466e-06
499 4.03773e-06